error = "25.758701739353665"
date = "2021-09-12-13:26:57"

[extrinsic]
0 = [ [ "0.639398336768036", "-0.03511345051424095", "0.7680734421468126", "17.688299689415675",], [ "-0.03060409979934139", "-0.9993272763599268", "-0.02020850807265218", "-5.292426627321297",], [ "0.7682663314331438", "-0.010584909826467488", "-0.6400428139353056", "-12.54139707973869",], [ "0.0", "0.0", "0.0", "1.0",],]
1 = [ [ "0.7042254965362843", "0.68709568706904", "-0.17879028731826385", "3.116903582051782",], [ "-0.7095724858217968", "0.6896354444760098", "-0.14460235505361635", "3.9828983019584476",], [ "0.023944464765358567", "0.2286973339011628", "0.9732030579861535", "-10.304160468645236",], [ "0.0", "0.0", "0.0", "1.0",],]
2 = [ [ "0.7735370956023754", "-0.35598860064674054", "-0.5243209684311864", "9.886192903636896",], [ "0.19199310491307664", "0.9200843843167159", "-0.34144307490761355", "6.574779463123194",], [ "0.6039693778602339", "0.16345287377744494", "0.7800667591052811", "-17.26243965673021",], [ "0.0", "0.0", "0.0", "1.0",],]
3 = [ [ "0.27904324624525806", "0.5853370748339075", "-0.7612590725566382", "17.42979166992158",], [ "-0.9568368310821747", "0.23653873912023865", "-0.16885705072643414", "3.849542418769107",], [ "0.08122896902909782", "0.7755191382037534", "0.6260766094258573", "-12.73460811786526",], [ "0.0", "0.0", "0.0", "1.0",],]
