error = "4.452137848753504"
date = "2021-09-16-09:33:40"

[extrinsic]
0 = [ [ "-0.9986600877664225", "0.035402962903944464", "-0.0377446594895668", "-0.9363532234487215",], [ "-0.042686608231007846", "-0.15121930512294535", "0.9875781362686528", "-31.344616122807388",], [ "0.02925547094295127", "0.9878660597346965", "0.15252791693375511", "1.1913765949091077",], [ "0.0", "0.0", "0.0", "1.0",],]
1 = [ [ "0.9280560348586595", "-0.10298951855802288", "-0.35791780513074406", "11.226202096094768",], [ "0.13007081128570847", "0.9901211642648713", "0.05236090264933737", "-1.9995055886674369",], [ "0.3489893697720609", "-0.0951485109813203", "0.9322838519700625", "0.6362099427326889",], [ "0.0", "0.0", "0.0", "1.0",],]
2 = [ [ "0.34973521947505526", "-0.9117373957556087", "-0.21545346931417786", "5.861489413328833",], [ "0.9331620564871159", "0.3594035684521453", "-0.006136066867358458", "-2.1356063662266846",], [ "0.08302922733273799", "-0.1989070038099327", "0.9764948290922404", "-29.42740962422837",], [ "0.0", "0.0", "0.0", "1.0",],]
3 = [ [ "0.6674739460162775", "0.7394638799870181", "0.08758825026225919", "-1.0161444182459236",], [ "-0.11184568722030552", "-0.01673139898965298", "0.9935847233819904", "-30.736131810273395",], [ "0.7361854886098183", "-0.6729882840602753", "0.07153807292574513", "3.2601834502103353",], [ "0.0", "0.0", "0.0", "1.0",],]
