error = "0.32577137329075745"
date = "2021-09-22-18:10:46"

[extrinsic]
0 = [ [ "-0.9958631232285808", "0.08382316291462527", "-0.035075877072492684", "0.06033459077603667",], [ "-0.046210988645068875", "-0.13483214179182856", "0.9897903000475776", "-31.295840794734417",], [ "0.07823799794129283", "0.9873165505038475", "0.1381479090660508", "2.525741355484026",], [ "0.0", "0.0", "0.0", "1.0",],]
1 = [ [ "0.999958761865496", "0.0014661042422328106", "-0.00896242750459367", "0.2506472737355182",], [ "-0.0015181353101684635", "0.9999820192220246", "-0.005801422051750477", "0.167884482042656",], [ "0.008953760863693526", "0.005814788989587152", "0.9999430075736329", "-0.548779682540113",], [ "0.0", "0.0", "0.0", "1.0",],]
2 = [ [ "0.4194025962702674", "-0.9070183194383694", "0.03767267504379079", "-2.201070077189993",], [ "-0.07552452921455372", "0.006492812396844072", "0.9971228053124146", "-31.07836137282419",], [ "-0.9046532527596852", "-0.4210411043952543", "-0.06577902918822637", "5.638564501245952",], [ "0.0", "0.0", "0.0", "1.0",],]
3 = [ [ "0.547488394776585", "0.8364536481563672", "-0.02453063535381335", "2.8357764990488277",], [ "0.04766202303593494", "0.00190290540800051", "0.9988617074005441", "-30.84848671125015",], [ "0.8359957146178512", "-0.5480139372425055", "-0.02814053532816624", "6.199335106320446",],[ "0.0", "0.0", "0.0", "1.0",],]