error = "0.6355243581863335"
date = "2021-04-28-13:08:28"

[extrinsic]
0 = [ [ "0.5867293124181026", "0.8085194161745237", "-0.04522242384247249", "0.8340786497083259",], [ "-0.06911482609023017", "0.10564040877715354", "0.9919996193789155", "-31.720228570680877",], [ "0.8068282684462029", "-0.5789097146379593", "0.11786300324486322", "1.8075807460602011",], [ "0.0", "0.0", "0.0", "1.0",],]
1 = [ [ "0.9999956440046712", "0.00024505591382240473", "0.0029414145035902856", "-0.0748831287785373",], [ "-0.00025570956113956457", "0.9999934074169247", "0.003622117517265589", "-0.05724627063522311",], [ "-0.002940507490752648", "-0.003622853887150445", "0.9999891141134534", "-0.5535104126813744",], [ "0.0", "0.0", "0.0", "1.0",],]
2 = [ [ "-0.9937180741543578", "0.11022298273332956", "-0.019372226932457243", "0.5375972608377726",], [ "-0.02269988910332233", "-0.029015851073398657", "0.9993211673036769", "-31.644216834859538",], [ "0.10958605811713165", "0.9934832532377457", "0.031335625133291245", "3.7056657256937955",], [ "0.0", "0.0", "0.0", "1.0",],]
3 = [ [ "0.3488361193756857", "-0.93590456984073", "-0.0489489322677254", "2.400735368804405",], [ "-0.024406976600550967", "-0.06128440110151473", "0.9978218887531224", "-31.139937036024865",], [ "-0.936865871569742", "-0.3468816200562762", "-0.044220813594966935", "6.963801504655426",], [ "0.0", "0.0", "0.0", "1.0",],]
