undistorted_corners = [ [ [ [ 480.7903686205004, 902.2138371247745,], [ 525.6999099513604, 897.0332834361714,], [ 531.0847162054, 941.261159840016,], [ 486.2725722565997, 946.402073677988,],],], [ [ [ 417.8748402233813, 853.597016813686,], [ 462.99254724296793, 848.1075913514728,], [ 468.06640662617724, 892.4184962937759,], [ 423.10563902871667, 898.557126689906,],],], [ [ [ 213.23648828736918, 155.19430474413434,], [ 233.9751782637294, 114.92890833747975,], [ 274.64207923149183, 135.30432284248946,], [ 254.30818528506398, 176.39097963796547,],],], [ [ [ 289.58054862132775, 129.61032759870238,], [ 310.0039396783215, 88.82806990232973,], [ 350.92099945926446, 109.48438296820837,], [ 330.260223572883, 150.06295155031523,],],], [ [ [ 832.2558253268932, 151.6956633210005,], [ 803.9096333677985, 113.97488199882315,], [ 840.3380384064342, 85.41050912894212,], [ 869.8640983407894, 123.62118407677036,],],], [ [ [ 841.4015778785381, 71.53904773607991,], [ 813.5600762408606, 34.12637670576419,], [ 849.6100841102926, 5.684883625594637,], [ 878.0861736148485, 43.522714391998136,],],],]
ids = [ [ [ "3",],], [ [ "0",],], [ [ "2",],], [ [ "5",],], [ [ "1",],], [ [ "4",],],]
camera_serial_number = "17391304"
date = "2021-03-09-14:40:26"
recorded_center = [ 596, 436,]
A1 = [ 531, 857,]
A2 = [ 747, 829,]
B1 = [ 978, 331,]
B2 = [ 831, 104,]
C1 = [ 288, 152,]
C2 = [ 207, 398,]
