error = "0.8932552429266157"
date = "2022-09-06-12:01:07"

[extrinsic]
0 = [ [ "-0.9988512200551544", "0.043491384384982415", "-0.02011814302084402", "-0.763123986941524",], [ "-0.028159114981956473", "-0.1930294179994544", "0.9807888192828389", "-31.06215637460763",], [ "0.038772470101379686", "0.9802286178596653", "0.1940323485689126", "1.594259421824204",], [ "0.0", "0.0", "0.0", "1.0",],]
1 = [ [ "0.9999569195887527", "0.001794420968667116", "-0.009107086249737644", "0.2888088672435886",], [ "-0.001752078231171209", "0.9999876292272218", "0.004655278121889946", "-0.15001638716214752",], [ "0.009115327116719876", "-0.004639121243026419", "0.9999476933148291", "0.034206925537038246",], [ "0.0", "0.0", "0.0", "1.0",],]
2 = [ [ "0.44291242408315173", "-0.895954991190699", "-0.033064155111858284", "-0.12309494502546652",], [ "-0.10124781416453565", "-0.08662625383473538", "0.991082626360418", "-30.298525509057924",], [ "-0.8908296496635539", "-0.4356151350757163", "-0.1290813285230491", "7.976794111722069",], [ "0.0", "0.0", "0.0", "1.0",],]
3 = [ [ "0.5093793508741311", "0.8569679205886", "-0.07834960105259109", "3.998798335582383",], [ "0.02952233249985642", "0.07359067539717384", "0.9968514655546011", "-30.49690829849623",], [ "0.860035527630584", "-0.5100886154156347", "0.012185878570874109", "5.645966786117385",], [ "0.0", "0.0", "0.0", "1.0",],]
