undistorted_corners = [ [ [ [ 782.93896484375, 827.2733764648438,], [ 825.9985961914062, 821.8375244140625,], [ 830.2936401367188, 861.698486328125,], [ 787.9638671875, 868.1573486328125,],],], [ [ [ 721.0540161132812, 781.384765625,], [ 764.983642578125, 775.7835083007812,], [ 769.8713989257812, 817.6024169921875,], [ 726.8107299804688, 824.383056640625,],],], [ [ [ 1009.2630004882812, 331.07684326171875,], [ 1032.298095703125, 368.8724670410156,], [ 996.21826171875, 392.73577880859375,], [ 972.5202026367188, 354.9585876464844,],],], [ [ [ 1025.5443115234375, 253.31854248046875,], [ 1048.8507080078125, 291.565673828125,], [ 1012.4090576171875, 315.49267578125,], [ 988.00390625, 276.98846435546875,],],], [ [ [ 252.07672119140625, 100.626708984375,], [ 233.5109405517578, 141.50828552246094,], [ 193.1124725341797, 124.794921875,], [ 212.11334228515625, 83.40392303466797,],],], [ [ [ 326.8203430175781, 70.25408172607422,], [ 308.3619079589844, 112.2178955078125,], [ 267.1407775878906, 94.39937591552734,], [ 285.25225830078125, 52.22035217285156,],],],]
ids = [ [ [ "4",],], [ [ "1",],], [ [ "5",],], [ [ "2",],], [ [ "3",],], [ [ "0",],],]
camera_serial_number = "17391304"
date = "2022-08-24-15:38:46"
recorded_center = [ 573, 421,]
A1 = [ 278, 176,]
A2 = [ 194, 366,]
B1 = [ 497, 798,]
B2 = [ 714, 781,]
C1 = [ 936, 302,]
C2 = [ 813, 120,]
